3.346433416106249226e+00
2.727930129145265337e+00
-4.493014589292792849e+00
2.227257219077690031e+00
6.670989418844746055e+00
3.435410468324554767e+00
-2.006077592175083524e+00
1.767719109088571994e+00
1.672961040980185832e+00
3.486134490662570418e+00
9.348308827899541873e-01
1.534511523538481859e+00
3.351847084293254397e+00
-4.005664400203156061e-01
-3.235845589312819293e+00
5.865223328820654558e+00
-2.017305193685228204e+00
-3.850193543041059208e+00
-3.051870426323903374e+00
-8.143336191798735690e-01
3.227490479461253559e-02
5.251534111784161851e-01
3.048506902988013523e-01
2.952992033867936517e+00
-9.001884153476261696e-01
1.640150533769482610e+00
-2.845966757167555539e+00
-9.047539838978055915e-01
6.309252208839797316e-01
1.383003115013733964e-02
2.620399361179736111e-02
7.453525861699572097e+00
8.786230005238723217e-01
-1.424662542177225433e+00
-1.570518120590040034e+00
-4.526017771859159211e+00
2.712356376117044832e+00
1.257810000125563654e+00
-1.295105790651333022e+00
1.440234943084462760e+00
1.178825124396274626e+00
4.342252160734458855e+00
-9.463995209736441039e-01
-4.082848877516568109e+00
2.992305408750262963e+00
1.290295085124175234e+00
9.599411355002196444e-03
4.582866890309021279e+00
2.310974217898500438e+00
-1.172066236820270335e+00
2.311129939223726115e+00
-2.772693296451701706e+00
1.962815664302570706e+00
1.591539052640988050e+00
-4.209807445226462441e+00
-7.942270406693610063e-01
-1.616825531859119369e+00
-4.237288157118344500e+00
-1.162490115441072502e+00
2.535333138004412401e+00
8.824444815038960943e-01
3.763910610041176774e-01
4.145433137161900206e+00
1.963400172042095271e+00
-2.073884760474714817e+00
2.243096181856130134e+00
-4.190944557972065887e+00
2.527832780888224384e+00
-2.479874578867665935e+00
-3.384889839253299115e+00
3.475655152723775565e-01
-2.198103747911485328e+00
-1.657798153796211205e+00
1.713770086134636328e+00
-6.710200685607354831e-01
-1.746316710031661223e+00
5.706898055987084106e+00
-3.551565505094757214e+00
-5.055254489831044751e+00
5.811504607337879547e-01
1.634657192568500061e+00
-2.608270042968546143e+00
5.717010790431484857e+00
-6.238919537836180140e+00
4.479343386693723783e-01
7.339698771994278559e+00
5.614845145222525424e+00
5.517453679702882141e+00
-1.794805726585076755e+00
-7.638856907123054540e+00
4.338166250132268864e+00
-7.702955280994925324e-01
3.129727298578629302e+00
-2.590904411847550382e+00
-1.202026913895784199e+00
6.424013031469532065e-01
2.917680398293599264e+00
1.152080772231780514e+00
-1.636743731930161205e+00
-1.402643983872042144e+00
-8.713753277160196653e-02
-2.157971822508021553e+00
1.845524648582750782e+00
8.664861932360691910e+00
-3.893503071837548513e-01
1.946976584073635053e+00
3.267723191443060671e+00
-1.246250185197947280e+00
-2.515244081301166279e+00
-2.031725579137275695e+00
-5.624516626066499825e+00
-2.927801647908213845e+00
-7.405456174192176499e-01
-2.263555498779761699e+00
-2.389111947172120054e-01
-6.279977199002747312e+00
6.362007937184950279e+00
-3.581452007192206910e+00
-1.667706984213067622e-01
2.687008542207956374e+00
-2.083221417590027935e-01
-2.265702300593297025e+00
-2.281440935642785384e+00
-3.072139500396553480e+00
-6.807458084331331705e+00
2.815074794565132210e-01
6.121182569273067031e-01
1.371873668235181754e+00
5.952921269579130481e+00
4.407883532050788311e+00
6.605295451963822950e-01
-4.582773861305443397e+00
5.302451294376701263e+00
2.549203840431608192e+00
-2.526902342239735866e+00
-8.736111630720605481e-01
2.423754312102817998e+00
9.390706354079501050e-01
2.710605270241996489e+00
-1.439951649559284341e+00
1.033669862043210319e+00
1.201885231929090248e+00
-2.528364222375075743e-01
4.346129973795747503e+00
4.663125947528553361e+00
-4.592029723032072797e-01
-2.127465825517703024e+00
-3.940879744926737871e+00
-1.775292625585809692e+00
-7.163481114544152373e-01
-6.666820502637538226e-02
-3.665737073521119438e+00
-5.494881522685005848e+00
1.524284376588158185e+00
7.027208043412205285e+00
1.728272942431597903e-01
-6.693153722142280992e-01
-1.002028897777278882e+00
-3.775579423331986817e+00
3.151868864080108246e+00
-4.010643241163495687e-01
2.254281594884358864e+00
6.222404659646230130e+00
3.580885054128360334e+00
6.221482942546898709e-01
-4.850822628788773017e+00
2.013693966215573283e+00
8.755043443701933104e-01
-4.502207033951290960e+00
3.523904854110171403e-02
-8.116899048982573195e-01
1.032280551347762199e+00
-5.565370621019587460e-01
2.754885195703229428e+00
4.311747473390315832e+00
3.862400372233111501e+00
-1.329888316522704450e+00
-4.223440302091294729e-01
1.987457456917862464e+00
1.609657532745923714e+00
-7.616347757226002990e-01
-3.459346950677044674e-02
-7.660830082834496624e-01
2.050243747112439952e+00
-1.893628138108956471e-01
-2.998228483899685326e+00
-8.303351489545318653e-01
3.582906723080372391e-01
-4.793443643858552594e-01
-3.166158016752671056e+00
6.281104592677312581e+00
4.073185050031352006e+00
-7.431985693588766262e-01
7.773328083823956014e-01
-9.970990628074001272e-01
-3.390107708901960226e+00
3.246219481940746387e+00
3.642010412534764985e+00
3.177795852574506474e-01
-2.193142110616913332e+00
-6.375675196373475018e+00
-2.823608720304855435e+00
-4.832601843397515751e+00
-6.495249115685426400e-01
-3.490486730383203007e+00
3.866555561868729729e-01
-1.273852165679528525e+00
-8.252090961570511807e-01
-4.490860540926837619e-01
6.652882133569934631e+00
-6.780707238518397517e+00
6.279592572270931150e+00
-1.736855034342184245e+00
4.829705822354775080e-01
5.152644432071484815e-02
1.344607191929907408e+00
-4.588455982315019277e+00
2.361716406147827296e+00
-1.437647558656064195e+00
8.126412173314387921e-01
-2.139580852204439498e+00
-3.671781330872481597e+00
3.176919578204763450e+00
-1.169535360991395434e+00
-1.558944070853758079e+00
4.754132238074214811e+00
-2.942018298581697278e-02
4.298242593748897167e-01
1.905206907556719287e+00
6.335497175387500013e-01
1.066285696272348815e+00
-2.608467521756977270e+00
4.711014760877580976e+00
3.634368369375221341e+00
1.902415588784346356e+00
-7.296546348223357015e+00
-3.076022369297757297e-01
-3.312388714798186751e+00
-3.349068966853593565e+00
-7.408962982636282391e-01
-3.748185433727655003e+00
-4.135747306590248362e-02
2.256752409355975875e+00
4.525535026321869658e-01
1.646599711107583852e+00
1.629706805401444303e+00
-9.694444671950899206e-01
-4.048702690500266321e+00
1.888847222099397483e+00
6.433729534795046279e-01
-1.241791866423897162e+00
4.055751248409055876e+00
-1.074661640830357978e+00
-1.195517731683981122e+00
4.998598478078086771e+00
-1.893698502542520812e+00
1.032351117926502582e+00
1.548412447348146426e+00
1.055824986282405620e+00
-2.825758001941951036e+00
4.678672235805279911e+00
2.777093298498278795e-01
-4.013891822971427104e+00
1.263278595727269860e+00
-4.285565972594453932e-01
